1256655666 1256657739 2073
1256663958 1256673192 9234
1256673691 1256756709 83018
1256766682 1256772748 6066
1256775368 1256798948 23580
1256809201 1256821151 11950
1256821199 1256821222 23
1256827739 1256835798 8059
1256838093 1256838252 159
1256838369 1256838835 466
1256838869 1256838894 25
1256874558 1256890940 16382
1256891012 1256903452 12440
1256903719 1256910776 7057
1256915116 1256916066 950
1256918388 1256920060 1672
1256920132 1256920380 248
1256920452 1256923518 3066
1256958170 1256959868 1698
1256965469 1256967668 2199
1256971138 1256973055 1917
1256975290 1256977603 2313
1256983637 1257001290 17653
1257022015 1257022063 48
1257023096 1257024772 1676
1257026995 1257071417 44422
1257086693 1257109230 22537
1257126433 1257126610 177
1257126704 1257169291 42587
1257169443 1257180792 11349
1257192110 1257195915 3805
1257223095 1257223103 8
1257223476 1257233958 10482
1257241534 1257242362 828
1257257516 1257257833 317
1257257880 1257326803 68923
1257360643 1257387255 26612
1257395960 1257412445 16485
1257415979 1257499836 83857
1257531026 1257531580 554
1257531662 1257544861 13199
1257549313 1257550139 826
1257560411 1257570585 10174
1257642805 1257685622 42817
1257738906 1257757910 19004
1257758193 1257784787 26594
1257816219 1257899409 83190
1257899421 1257985356 85935
1257992320 1258033994 41674
1258034281 1258036580 2299
1258052692 1258060601 7909
1258060623 1258076212 15589
1258076663 1258110327 33664
1258111092 1258128953 17861
1258141647 1258141661 14
1258141693 1258162837 21144
1258162973 1258208151 45178
1258245192 1258245335 143
1258245387 1258259482 14095
1258274014 1258274939 925
1258275379 1258277164 1785
1258277493 1258298411 20918
1258298938 1258311548 12610
1258311926 1258318837 6911
1258324856 1258333587 8731
1258338367 1258409788 71421
1258409860 1258418554 8694
1258421604 1258439383 17779
1258446227 1258453276 7049
1258456705 1258480168 23463
1258487006 1258592941 105935
1258593143 1258594298 1155
1258605337 1258749120 143783
1258749140 1258750775 1635
1258758110 1258773462 15352
1258784522 1258815801 31279
1258837423 1258837531 108
1258837564 1258846012 8448
1258846084 1258923614 77530
1258929433 1258984172 54739
1258992472 1259006681 14209
1259006811 1259056815 50004
1259059382 1259126052 66670
1259131422 1259136094 4672
1259139755 1259145212 5457
1259145729 1259183804 38075
1259183876 1259184008 132
1259309010 1259357517 48507
1259362537 1259364284 1747
1259364420 1259420626 56206
1259441610 1259441658 48
1259441695 1259459382 17687
1259462773 1259469031 6258
1259469207 1259475473 6266
1259475559 1259481051 5492
1259481147 1259481824 677
1259481907 1259488174 6267
1259488256 1259494523 6267
1259494604 1259500872 6268
1259500955 1259507220 6265
1259507346 1259513609 6263
1259513705 1259519969 6264
1259520915 1259526363 5448
1259526469 1259528433 1964
1259534118 1259540341 6223
1259540442 1259546707 6265
1259546810 1259553076 6266
1259553174 1259559440 6266
1259559521 1259565789 6268
1259565870 1259568494 2624
1259574343 1259605756 31413
1259606139 1259631316 25177
1259639019 1259733891 94872
1259733983 1259740251 6268
1259740336 1259746599 6263
1259746679 1259752947 6268
1259753028 1259759296 6268
1259759377 1259765641 6264
1259791400 1259792900 1500
1259798434 1259854875 56441
1259855839 1260025304 169465
1260025351 1260025439 88
1260087386 1260087621 235
1260088004 1260133265 45261
1260143085 1260221430 78345
1260225011 1260428434 203423
1260438984 1260540983 101999
1260756883 1260794938 38055
1260802424 1260840860 38436
1260843278 1260904975 61697
1260907617 1260910015 2398
1260919391 1260937455 18064
1260937721 1260962668 24947
1260962926 1260969189 6263
1260969328 1260975569 6241
1260975859 1260980139 4280
1261007858 1261026570 18712
1261034390 1261087984 53594
1261088031 1261139463 51432
1261142925 1261151977 9052
1261160474 1261164511 4037
1261181249 1261241600 60351
1261242145 1261242303 158
1261243755 1261250375 6620
1261266023 1261269052 3029
1261269124 1261280590 11466
1261289929 1261338933 49004
1261339028 1261342640 3612
1261344271 1261380198 35927
1261384155 1261418126 33971
1261422713 1261432943 10230
1261436872 1261443310 6438
1261447326 1261531617 84291
1261535312 1261580528 45216
1261583854 1261641084 57230
1261654016 1261663763 9747
1261663915 1261848138 184223
1261854659 1261859271 4612
1261859291 1262112768 253477
1262112774 1262188728 75954
1262198078 1262198857 779
1262200958 1262230488 29530
1262232415 1262234666 2251
1262239461 1262278048 38587
1262281048 1262291081 10033
1262293167 1262329170 36003
1262333141 1262335223 2082
1262339557 1262342302 2745
1262352751 1262364521 11770
1262440555 1262444417 3862
1262459639 1262461451 1812
1262461493 1262466428 4935
1262471488 1262595363 123875
1262607622 1262620957 13335
1262621078 1262637575 16497
1262637758 1262638867 1109
1262642747 1262653204 10457
1262653854 1262705801 51947
1262711712 1262713645 1933
1262716081 1262772751 56670
1262833726 1262899765 66039
1262908706 1262944534 35828
1262947448 1262972491 25043
1262973087 1263049216 76129
1263077149 1263083381 6232
1263084917 1263160133 75216
1263164625 1263181869 17244
1263184089 1263233351 49262
1263235820 1263245308 9488
1263245572 1263249495 3923
1263254173 1263287036 32863
1263288960 1263330551 41591
1263333826 1263368221 34395
1263588386 1263594319 5933
1263597982 1263599374 1392
1263601587 1263601875 288
1263612488 1263616279 3791
1263618943 1263634588 15645
1263637798 1263652909 15111
1263674773 1263680830 6057
1263680852 1263685120 4268
1263688328 1263697638 9310
1263697770 1263751884 54114
1263752127 1263767422 15295
1263777550 1263795012 17462
1263806320 1263850547 44227
1263855607 1263924944 69337
1263942972 1263961795 18823
1263966840 1263983837 16997
1263986569 1264000088 13519
1264001857 1264011283 9426
1264013167 1264046619 33452
1264046648 1264046666 18
1264050328 1264056807 6479
1264063444 1264115964 52520
1264119483 1264137658 18175
1264145647 1264186707 41060
1264195637 1264258532 62895
1264294887 1264452541 157654
1264468070 1264468276 206
1264468484 1264528206 59722
1264534237 1264547741 13504
1264547790 1264570812 23022
1264570898 1264575694 4796
1264578718 1264610469 31751
1264612159 1264651022 38863
1264653129 1264682801 29672
1264682991 1264769385 86394
1264783968 1264784647 679
1264784753 1264791696 6943
1264792615 1264805905 13290
1264806007 1264820328 14321
1264822400 1264848318 25918
1264885288 1264889985 4697
1264895816 1264924637 28821
1264927797 1264962692 34895
1264967213 1264970252 3039
1264977676 1265025128 47452
1265046699 1265046949 250
1265047349 1265050822 3473
1265061519 1265106172 44653
1265106244 1265133145 26901
1265140477 1265148772 8295
1265148816 1265152964 4148
1265153188 1265209024 55836
1265212711 1265265256 52545
1265265425 1265400128 134703
1265414825 1265431560 16735
1265435146 1265468268 33122
1265488975 1265502570 13595
1265505452 1265509298 3846
1265509533 1265521063 11530
1265525301 1265548849 23548
1265555332 1265563390 8058
1265565920 1265572779 6859
1265575568 1265575649 81
1265575691 1265607164 31473
1265616712 1265626074 9362
1265649130 1265659812 10682
1265661846 1265747952 86106
1265752605 1265756343 3738
1265853330 1265865245 11915
1265865273 1266001262 135989
1266006420 1266048278 41858
1266054049 1266064786 10737
1266067317 1266073316 5999
1266097079 1266100380 3301
1266100641 1266116302 15661
1266124319 1266188642 64323
1266196469 1266232566 36097
1266232751 1266257083 24332
1266270670 1266342818 72148
1266350404 1266460304 109900
1266466233 1266492220 25987
1266493809 1266514074 20265
1266519189 1266606021 86832
1266613720 1266677801 64081
1266699635 1266789671 90036
1266793981 1266806995 13014
1266821620 1266824931 3311
1266825099 1266828196 3097
1266832906 1266868240 35334
1266884413 1267140540 256127
1267159681 1267210881 51200
1267216697 1267282830 66133
1267318201 1267318694 493
1267320520 1267378579 58059
1267380081 1267397652 17571
1267404266 1267489102 84836
1267493646 1267518707 25061
1267519404 1267531708 12304
1267532228 1267553052 20824
1267556504 1267589092 32588
1267594722 1267758249 163527
1267766243 1267774189 7946
1267779304 1267812037 32733
1267817638 1267821274 3636
1267822123 1267835278 13155
1267840602 1267840989 387
1267841084 1267884092 43008
1267911345 1267931307 19962
1267931347 1267964400 33053
1267965721 1267989555 23834
1267998057 1267999077 1020
1267999308 1268042986 43678
1268045773 1268066034 20261
1268078136 1268081990 3854
1268082318 1268082494 176
1268082513 1268118524 36011
1268118596 1268125093 6497
1268125184 1268149397 24213
1268160587 1268186242 25655
1268187806 1268215903 28097
1268230068 1268238822 8754
1268241608 1268279299 37691
1268281886 1268311356 29470
1268312132 1268331860 19728
1268334202 1268367602 33400
1268369593 1268400028 30435
1268404792 1268420276 15484
1268429063 1268430908 1845
1268431044 1268488827 57783
1268503993 1268511207 7214
1268511261 1268516284 5023
1268516633 1268557824 41191
1268557920 1268558108 188
1268558291 1268572755 14464
1268578962 1268598701 19739
1268603444 1268621879 18435
1268624226 1268642751 18525
1268642844 1268681516 38672
1268685500 1268714488 28988
1268714540 1268760671 46131
1268764432 1268770943 6511
1268772994 1268870185 97191
1268872549 1268955520 82971
1268955745 1269012465 56720
1269016329 1269021641 5312
1269026954 1269037525 10571
1269046699 1269079656 32957
1269083691 1269083731 40
1269083783 1269090294 6511
1269091036 1269093715 2679
1269119289 1269140506 21217
1269158380 1269158680 300
1269158768 1269179793 21025
1269186184 1269210423 24239
1269215272 1269220522 5250
1269220720 1269271634 50914
1269271730 1269285851 14121
1269289707 1269296084 6377
1269307031 1269363615 56584