1368195220 1368196142 922
1368266520 1368269061 2541
1368276645 1368280880 4235
1368331350 1368337146 5796
1368350720 1368371200 20480
1368418766 1368436239 17473
1368449835 1368460501 10666
1368547400 1368547783 383
1368547942 1368552711 4769
1368979913 1368992311 12398
1368993005 1368997896 4891
1369184832 1369184915 83
1369185055 1369200465 15410
1369205881 1369230918 25037
1369241742 1369246564 4822
1369254052 1369255796 1744
1369255991 1369263774 7783
1369276031 1369292466 16435
1369299302 1369333565 34263
1369375930 1369381513 5583
1369386030 1369409817 23787
1369411298 1369413649 2351
1369432797 1369443373 10576
1369450588 1369470643 20055
1369480556 1369485043 4487
1369492342 1369493116 774
1369521579 1369530570 8991
1369545660 1369555842 10182
1369562361 1369570422 8061
1369579670 1369591412 11742
1369598234 1369602116 3882
1369610209 1369617585 7376
1369626067 1369632035 5968
1369638079 1369644126 6047
1369649613 1369658687 9074
1369681145 1369717050 35905
1369717388 1369724290 6902
1369729650 1369731495 1845
1369765810 1369771903 6093
1369780122 1369801450 21328
1369805217 1369816396 11179
1369827426 1369829198 1772
1369837682 1369922212 84530
1369939918 1369945707 5789
1369945733 1369947267 1534
1369951467 1369964701 13234
1369980477 1369998986 18509
1370008298 1370024237 15939
1370036058 1370036139 81
1370036174 1370049701 13527
1370050230 1370054095 3865
1370054163 1370079439 25276
1370086491 1370090937 4446
1370095514 1370096175 661
1370096788 1370097052 264
1370129380 1370133094 3714
1370136007 1370164042 28035
1370169825 1370190930 21105
1370195593 1370207265 11672
1370214398 1370227554 13156
1370232614 1370242450 9836
1370247996 1370253887 5891
1370261630 1370262003 373
1370262004 1370263087 1083
1370263088 1370263150 62
1370263151 1370264334 1183
1370264335 1370264490 155
1370264491 1370267918 3427
1370282070 1370292548 10478
1370292652 1370293137 485
1370300597 1370301156 559
1370301168 1370307928 6760
1370307959 1370325018 17059
1370325212 1370350317 25105
1370350593 1370376655 26062
1370383648 1370415251 31603
1370421494 1370461862 40368
1370466646 1370475332 8686
1370479968 1370490237 10269
1370495987 1370513141 17154
1370517767 1370528097 10330
1370533861 1370540913 7052
1370544435 1370555146 10711
1370559286 1370570538 11252
1370590090 1370607189 17099
1370613343 1370621618 8275
1370627225 1370637142 9917
1370642816 1370650083 7267
1370655948 1370656556 608
1370656687 1370666127 9440
1370674418 1370697380 22962
1370726735 1370731347 4612
1370731456 1370732482 1026
1370758509 1370763637 5128
1370768923 1370772878 3955
1370777973 1370799721 21748
1370805294 1370813537 8243
1370820220 1370821881 1661
1370827327 1370830763 3436
1370844797 1370846643 1846
1370846775 1370851447 4672
1370856601 1370872383 15782
1370876670 1370888285 11615
1370888307 1370888352 45
1370904074 1370907433 3359
1370915048 1370941661 26613
1370948691 1370951317 2626
1370955563 1370966931 11368
1370969102 1370969663 561
1370993335 1370993675 340
1370998664 1371008205 9541
1371013187 1371028276 15089
1371033559 1371043443 9884
1371047435 1371055150 7715
1371058698 1371064756 6058
1371075027 1371078382 3355
1371088243 1371095424 7181
1371099179 1371107421 8242
1371111090 1371130148 19058
1371135488 1371136901 1413
1371145915 1371155770 9855
1371173293 1371179161 5868
1371179831 1371192153 12322
1371197859 1371201204 3345
1371206449 1371226389 19940
1371235280 1371245481 10201
1371251794 1371280924 29130
1371291914 1371306087 14173
1371348585 1371380425 31840
1371380537 1371381771 1234
1371385787 1371388719 2932
1371392112 1371395175 3063
1371425676 1371441079 15403
1371445497 1371477245 31748
1371477714 1371489324 11610
1371504312 1371509063 4751
1371511876 1371541884 30008
1371563918 1371581630 17712
1371581663 1371582528 865
1371585807 1371591458 5651
1371596342 1371596422 80
1371596447 1371596543 96
1371596656 1371596663 7
1371596720 1371596831 111
1371596942 1371683736 86794
1371700173 1371715408 15235
1371727329 1371785495 58166
1371789583 1371815489 25906
1371820056 1371831671 11615
1371832238 1371835021 2783
1371835724 1371847232 11508
1371864268 1371902417 38149
1371902748 1371909858 7110
1371935776 1371936280 504
1371936990 1371940643 3653
1371941080 1371951181 10101
1371955077 1371971514 16437
1371971600 1372008348 36748
1372011083 1372014516 3433
1372028581 1372033204 4623
1372034081 1372086714 52633
1372125173 1372126856 1683
1372126896 1372130640 3744
1372130670 1372186186 55516
1372198888 1372231778 32890
1372239205 1372260528 21323
1372289588 1372306546 16958
1372314700 1372328560 13860
1372348882 1372374390 25508
1372384690 1372384721 31
1372394474 1372456109 61635
1372465579 1372478537 12958
1372487939 1372493529 5590
1372503132 1372527117 23985
1372527251 1372528498 1247
1372537492 1372544543 7051
1372549648 1372564553 14905
1372570195 1372618862 48667
1372633378 1372692150 58772
1372692271 1372723478 31207
1372723874 1372737705 13831
1372746355 1372797738 51383
1372797773 1372798942 1169
1372807866 1372912494 104628
1372912651 1372924077 11426
1372924158 1372942871 18713
1373002217 1373011074 8857
1373022137 1373039882 17745
1373047498 1373057154 9656
1373073541 1373120488 46947
1373142881 1373149467 6586
1373149576 1373149786 210
1373157108 1373208546 51438
1373245842 1373271010 25168
1373277824 1373300715 22891
1373302884 1373307261 4377
1373324597 1373362621 38024
1373376025 1373386700 10675
1373394762 1373400141 5379
1373417088 1373483208 66120
1373490721 1373514257 23536
1373516481 1373525677 9196
1373546127 1373546475 348
1373553439 1373562318 8879
1373572220 1373599773 27553
1373614183 1373650932 36749
1373658601 1373668112 9511
1373673744 1373711624 37880
1373760055 1373761945 1890
1373772912 1373779899 6987
1373780326 1373787547 7221
1373796108 1373812254 16146
1373813456 1373821609 8153
1373822194 1373827872 5678
1373828054 1373829249 1195
1373843734 1373850087 6353
1373860025 1373866044 6019
1373866114 1373866142 28
1373866359 1373895892 29533
1373896510 1373899219 2709
1373900330 1373905098 4768
1373927335 1373930734 3399
1373940417 1373989926 49509
1374007912 1374072120 64208
1374072541 1374092356 19815
1374093824 1374100711 6887
1374112296 1374129318 17022
1374129347 1374135538 6191
1374135557 1374155106 19549
1374161571 1374194501 32930
1374201066 1374206957 5891
1374206969 1374234070 27101
1374245362 1374246746 1384
1374254726 1374256730 2004
1374267522 1374267815 293
1374268129 1374273982 5853
1374292527 1374298866 6339
1374303416 1374320896 17480
1374321634 1374330089 8455
1374331308 1374331516 208
1374361507 1374364511 3004
1374369269 1374398226 28957
1374398365 1374411112 12747
1374423809 1374433216 9407
1374448010 1374472570 24560
1374472573 1374507821 35248
1374507899 1374509697 1798
1374514217 1374528267 14050
1374537329 1374577960 40631
1374585485 1374596050 10565
1374611099 1374659084 47985
1374659087 1374716738 57651
1374721495 1374777586 56091
1374784440 1374817820 33380
1374832347 1374854398 22051
1374854963 1374855529 566
1374855532 1374856275 743
1374863167 1374863173 6
1374863205 1374865684 2479
1374865842 1374866806 964
1374871598 1374872395 797
1374872546 1374934889 62343
1374935983 1374936316 333
1374962554 1374963114 560
1374963379 1374969813 6434
1374973090 1374992237 19147
1374992281 1374993286 1005
1375000387 1375001014 627
1375001017 1375027250 26233
1375041255 1375048858 7603
1375063092 1375118528 55436
1375118602 1375129013 10411
1375142616 1375145937 3321
1375150983 1375151956 973
1375152568 1375201275 48707
1375203588 1375208494 4906
1375212233 1375218856 6623
1375219711 1375219842 131
1375219851 1375239695 19844
1375239834 1375252379 12545
1375252392 1375272058 19666
1375276218 1375290545 14327
1375290558 1375293365 2807
1375297900 1375305264 7364
1375305275 1375321840 16565
1375327073 1375335894 8821
1375343160 1375344304 1144
1375346519 1375364096 17577
1375381741 1375396103 14362
1375402953 1375407283 4330
1375428542 1375428550 8
1375461610 1375464164 2554
1375465896 1375485126 19230
1375491642 1375495812 4170
1375499487 1375506199 6712
1375506923 1375516044 9121
1375516646 1375516691 45
1375516843 1375516883 40
1375520590 1375525123 4533
1375528678 1375536438 7760
1375567688 1375573349 5661
1375574730 1375577050 2320
1375577106 1375598825 21719
1375603943 1375610058 6115
1375614170 1375631479 17309
1375663775 1375674493 10718
1375674629 1375686321 11692
1375693847 1375718581 24734
1375743336 1375763125 19789
1375785088 1375790133 5045
1375820950 1375832486 11536
1375832573 1375856932 24359
1375861996 1375884054 22058
1375884057 1375893334 9277
1375893375 1375897024 3649
1375897039 1375898351 1312
1375898361 1375908229 9868
1375908241 1375953006 44765
1375953085 1375953767 682
1375953846 1376000183 46337
1376004836 1376066323 61487
1376079547 1376088258 8711
1376092845 1376100594 7749
1376111484 1376144770 33286
1376186604 1376189494 2890
1376199620 1376209643 10023
1376209722 1376239664 29942
1376241396 1376247743 6347
1376271363 1376274185 2822
1376287340 1376343341 56001
1376348061 1376364536 16475
1376364572 1376376122 11550
1376376143 1376400466 24323
1376400544 1376408765 8221
1376408770 1376415377 6607
1376420271 1376428067 7796
1376436578 1376454709 18131
1376454890 1376603281 148391
1376610465 1376693999 83534
1376698273 1376749350 51077
1376750443 1376751665 1222
1376775929 1376815347 39418
1376815426 1376840020 24594
1376847322 1376852915 5593
1376866565 1377029919 163354
1377036031 1377064623 28592
1377086176 1377106920 20744
1377106959 1377126490 19531
1377136294 1377147990 11696
1377152727 1377177696 24969
1377177741 1377217318 39577
1377218100 1377220099 1999
1377226507 1377241924 15417
1377245781 1377258767 12986
1377270400 1377289015 18615
1377306572 1377306636 64
1377309427 1377332867 23440
1377332946 1377354152 21206
1377355245 1377355516 271
1377404431 1377435783 31352
1377435938 1377443810 7872
1377443918 1377444372 454
1377444540 1377444568 28
1377446650 1377447505 855
1377470811 1377541830 71019
1377547788 1377550447 2659
1377555875 1377567839 11964
1377567924 1377578167 10243
1377583484 1377586828 3344
1377590825 1377619023 28198
1377619205 1377628697 9492
1377637938 1377686649 48711
1377691574 1377722764 31190
1377727765 1377733699 5934
1377737263 1377739733 2470
1377743427 1377767410 23983
1377773127 1377823747 50620
1377823832 1377896013 72181
1377903753 1377907969 4216
1377914319 1377914478 159
1377918461 1377935752 17291
1377939803 1377940421 618
1377944351 1377949617 5266
1377960044 1377960316 272
1377982666 1377983433 767
1377988668 1378010640 21972
1378016695 1378021048 4353
1378024512 1378055180 30668
1378060064 1378062290 2226
1378076786 1378080084 3298
1378088395 1378110282 21887
1378110361 1378141483 31122
1378145374 1378163033 17659
1378163179 1378164358 1179
1378164760 1378200841 36081
1378211421 1378224625 13204
1378241229 1378244506 3277
1378263688 1378273612 9924
1378278430 1378342358 63928
1378349335 1378356078 6743
1378356189 1378363590 7401
1378369222 1378425606 56384
1378427407 1378427595 188
1378428550 1378429289 739
1378429532 1378430133 601
1378430456 1378430717 261
1378432143 1378434310 2167
1378435388 1378436054 666
1378436320 1378436551 231
1378438642 1378443665 5023
1378444059 1378445651 1592
1378463257 1378463387 130
1378463481 1378463797 316
1378464013 1378465540 1527
1378465664 1378465831 167
1378466870 1378467178 308
1378468659 1378469494 835
1378471617 1378481754 10137
1378486284 1378563755 77471
1378564848 1378565116 268
1378587276 1378587566 290
1378587647 1378617006 29359
1378625960 1378665025 39065
1378681948 1378701964 20016
1378706661 1378762648 55987
1378767218 1378842864 75646
1378847979 1378868512 20533
1378868611 1378917534 48923
1378924877 1378952792 27915
1378957866 1378971785 13919
1378977233 1378985443 8210
1378993266 1379079880 86614
1379089281 1379121289 32008
1379121405 1379129237 7832
1379138960 1379150780 11820
1379194069 1379197820 3751
1379202951 1379255904 52953
1379268621 1379271731 3110
1379271754 1379272385 631
1379288839 1379292185 3346
1379299194 1379328549 29355
1379346477 1379352381 5904
1379381016 1379414536 33520
1379434244 1379461266 27022
1379461366 1379482799 21433
1379496609 1379531346 34737
1379531437 1379531442 5
1379540060 1379586291 46231
1379593319 1379696271 102952
1379698887 1379726789 27902
1379745181 1379745851 670
1379746807 1379773366 26559
1379774463 1379774716 253
1379799472 1379805676 6204
1379815125 1379845756 30631
1379852881 1379871922 19041
1379905356 1379908186 2830
1379912659 1379964609 51950
1379966571 1379983081 16510
1379991239 1380049359 58120
1380056782 1380056956 174
1380061614 1380067518 5904
1380071779 1380196644 124865
1380202286 1380213332 11046
1380217571 1380239707 22136
1380239751 1380243250 3499
1380250145 1380298543 48398
1380302753 1380370672 67919
1380406503 1380408398 1895
1380414828 1380424213 9385
1380428921 1380438053 9132
1380438132 1380455189 17057
1380466050 1380481375 15325
1380494808 1380562479 67671
1380562543 1380573583 11040
1380582449 1380647689 65240
1380647743 1380658604 10861
1380658653 1380689677 31024
1380698279 1380699060 781
1380699303 1380701781 2478
1380720109 1380759916 39807
1380760001 1380767485 7484
1380775606 1380784246 8640
1380788279 1380853382 65103
1380857378 1380863768 6390
1380867753 1380907592 39839
1380911946 1380917791 5845
1380923211 1380982950 59739
1380984045 1380984316 271
1381006750 1381007110 360
1381007122 1381023846 16724
1381032869 1381046905 14036
1381054280 1381071741 17461
1381076538 1381086472 9934
1381114506 1381116207 1701
1381120002 1381122624 2622
1381125911 1381161671 35760
1381172977 1381188191 15214
1381192221 1381227541 35320
1381232332 1381248349 16017
1381254982 1381259006 4024
1381259314 1381260799 1485
1381260861 1381266396 5535
1381266423 1381345005 78582
1381345025 1381379909 34884
1381389041 1381395199 6158
1381404891 1381461554 56663
1381467491 1381491761 24270
1381502650 1381524007 21357
1381524041 1381531322 7281
1381531358 1381587752 56394
1381588846 1381589116 270
1381614722 1381616197 1475
1381617204 1381629198 11994
1381634778 1381682932 48154
1381683391 1381690875 7484
1381705706 1381773018 67312
1381773175 1381774437 1262
1381779693 1381867220 87527
1381878183 1381910740 32557
1381956615 1381958564 1949
1381964628 1382036392 71764
1382041719 1382052770 11051
1382054104 1382089142 35038
1382092817 1382111820 19003
1382111901 1382133687 21786
1382133803 1382135666 1863
1382136028 1382192555 56527
1382193649 1382193916 267
1382194925 1382195103 178
1382237672 1382296090 58418
1382311894 1382315366 3472
1382315426 1382315431 5
1382315491 1382315496 5
1382315556 1382315561 5
1382331959 1382352551 20592
1382359847 1382373495 13648
1382381383 1382456443 75060
1382457400 1382472121 14721
1382487465 1382497863 10398
1382509559 1382534786 25227
1382534861 1382535534 673
1382535975 1382549718 13743
1382557608 1382561227 3619
1382570097 1382578141 8044
1382584559 1382593907 9348
1382599445 1382611809 12364
1382617753 1382630506 12753
1382638599 1382639449 850
1382639519 1382653997 14478
1382654808 1382678523 23715
1382680538 1382689306 8768
1382698209 1382730137 31928
1382743750 1382787140 43390
1382892404 1382894316 1912
1382899353 1382901268 1915
1382918769 1383015629 96860
1383016143 1383019222 3079
1383031341 1383043942 12601
1383055295 1383077434 22139
1383104293 1383107481 3188
1383107565 1383174009 66444
1383175963 1383183321 7358
1383183457 1383192739 9282
1383250264 1383251230 966
1383251245 1383256219 4974
1383257068 1383260344 3276
1383264768 1383284023 19255
1383287548 1383346363 58815
1383351190 1383373362 22172
1383436922 1383455542 18620
1383470464 1383475148 4684
1383479269 1383485672 6403
1383485996 1383486461 465
1383498645 1383508832 10187
1383525566 1383588154 62588
1383588371 1383612045 23674
1383623739 1383629282 5543
1383634020 1383676855 42835
1383677258 1383678413 1155
1383680263 1383685787 5524
1383703496 1383703506 10
1383708344 1383710984 2640
1383710989 1383721742 10753
1383725878 1383737191 11313
1383737251 1383737256 5
1383737316 1383737321 5
1383737381 1383737386 5
1383737446 1383737451 5
1383737511 1383737516 5
1383737576 1383737581 5
1383737641 1383737646 5
1383737706 1383737711 5
1383737771 1383737776 5
1383737836 1383737841 5
1383737901 1383737906 5
1383737966 1383737971 5
1383738031 1383738036 5
1383738096 1383738101 5
1383738161 1383738166 5
1383738226 1383738231 5
1383738291 1383738296 5
1383738356 1383738361 5
1383738421 1383738426 5
1383738486 1383738491 5
1383738551 1383738556 5
1383738616 1383738621 5
1383738681 1383738686 5
1383738746 1383738751 5
1383738811 1383738816 5
1383738876 1383738881 5
1383738941 1383738946 5
1383739006 1383739011 5
1383739071 1383739076 5
1383739136 1383739141 5
1383739201 1383739206 5
1383739266 1383739271 5
1383739331 1383739336 5
1383739396 1383739401 5
1383739461 1383739466 5
1383739526 1383739531 5
1383739591 1383739596 5
1383739656 1383739661 5
1383739721 1383739726 5
1383739786 1383739791 5
1383739851 1383739856 5
1383739916 1383739921 5
1383739981 1383739986 5
1383740046 1383740051 5
1383740111 1383740116 5
1383740176 1383740181 5
1383740241 1383740246 5
1383740306 1383740311 5
1383740371 1383740376 5
1383740436 1383740441 5
1383740501 1383740506 5
1383740566 1383740571 5
1383740631 1383740636 5
1383740696 1383740701 5
1383740761 1383740766 5
1383740826 1383740831 5
1383740891 1383740896 5
1383740956 1383740961 5
1383741021 1383741026 5
1383741086 1383741091 5
1383741151 1383741156 5
1383741216 1383741221 5
1383741281 1383741286 5
1383741346 1383741351 5
1383741411 1383741416 5
1383741476 1383741481 5
1383741541 1383741546 5
1383741606 1383741611 5
1383741671 1383741676 5
1383741736 1383741741 5
1383741801 1383741806 5
1383741866 1383741871 5
1383741931 1383741936 5
1383741996 1383742001 5
1383742061 1383742066 5
1383742126 1383742131 5
1383742191 1383742196 5
1383742256 1383742261 5
1383742321 1383742326 5
1383742386 1383742391 5
1383751409 1383761619 10210
1383761770 1383795290 33520
1383796935 1383807877 10942
1383808132 1383944997 136865
1383945581 1383999253 53672
1383999384 1384010549 11165
1384011643 1384011916 273
1384037579 1384052574 14995
1384054557 1384073681 19124
1384078247 1384103395 25148
1384110374 1384114179 3805
1384130048 1384194865 64817
1384198715 1384213556 14841
1384218607 1384245159 26552
1384256493 1384290050 33557
1384300357 1384338014 37657
1384366811 1384379985 13174
1384397334 1384438455 41121
1384462885 1384465897 3012
1384472334 1384474542 2208
1384474554 1384495176 20622
1384502733 1384524823 22090
1384531344 1384588801 57457
1384651925 1384664447 12522
1384681282 1384712507 31225
1384719779 1384719844 65
1384719958 1384720788 830
1384731350 1384732607 1257
1384732777 1384733060 283
1384733195 1384755887 22692
1384756008 1384769396 13388
1384773767 1384797851 24084
1384798312 1384807963 9651
1384808111 1384837109 28998
1384837252 1384852661 15409
1384870405 1384964332 93927
1384964352 1384969635 5283
1384977238 1385054773 77535
1385060905 1385142228 81323
1385142513 1385158414 15901
1385173738 1385188298 14560
1385194584 1385220123 25539
1385221217 1385221516 299
1385252542 1385257159 4617
1385262136 1385267162 5026
1385273785 1385284831 11046
1385349071 1385384296 35225
1385542790 1385544033 1243
1385544307 1385544678 371
1385544683 1385547943 3260
1385599362 1385601008 1646
1385601256 1385606105 4849
1385611135 1385611955 820
1385618007 1385618243 236
1385621701 1385622558 857
1385686702 1385719838 33136
1385726018 1385748971 22953
1385758559 1385767762 9203
1385767777 1385798830 31053
1385804619 1385821944 17325
1385852833 1385858752 5919
1385858844 1385883691 24847
1385888434 1385925670 37236
1385939097 1385984308 45211
1386010043 1386015532 5489
1386021442 1386033852 12410
1386038295 1386097752 59457
1386125274 1386149477 24203
1386155638 1386173863 18225
1386187368 1386192164 4796
1386196062 1386200678 4616
1386204397 1386217355 12958
1386225308 1386290856 65548
1386295585 1386312408 16823
1386316803 1386429751 112948
1386430845 1386431094 249
1386457079 1386462491 5412
1386462564 1386508540 45976
1386552422 1386559972 7550
1386563258 1386568142 4884
1386573515 1386578477 4962
1386581625 1386611816 30191
1386611821 1386619741 7920
1386633901 1386655450 21549
1386661394 1386718663 57269
1386720590 1386789174 68584
1386791447 1386791953 506
1386797309 1386820848 23539
1386824770 1386849518 24748
1386853083 1386890731 37648
1386895011 1386950968 55957
1386961663 1386972082 10419
1386982565 1387033275 50710
1387060658 1387069058 8400
1387078563 1387130428 51865
1387149169 1387154047 4878
1387154176 1387178091 23915
1387178248 1387206250 28002
1387221730 1387229887 8157
1387251529 1387278011 26482
1387282587 1387319324 36737
1387319431 1387393296 73865
1387395298 1387442074 46776
1387452628 1387466152 13524
1387486091 1387487358 1267
1387487958 1387489938 1980
1387490418 1387491885 1467
1387492601 1387517421 24820
1387526135 1387549414 23279
1387555840 1387557676 1836
1387560815 1387639341 78526
1387640435 1387640718 283
1387644720 1387646561 1841
1387646682 1387714568 67886
1387774189 1387790782 16593
1387859277 1387906207 46930
1387913112 1387963535 50423
1387967477 1387977123 9646
1387981710 1387994886 13176
1388005411 1388050570 45159
1388054697 1388107954 53257
1388109947 1388128924 18977
1388148237 1388168595 20358
1388172706 1388197220 24514
1388200838 1388211595 10757
1388269029 1388272233 3204
1388275885 1388277496 1611
1388277533 1388277564 31
1388280520 1388347219 66699
1388358090 1388401591 43501
1388401668 1388401980 312
1388402057 1388442905 40848
1388455317 1388463828 8511
1388495099 1388519788 24689
1388624869 1388631957 7088
1388635714 1388688907 53193
1388695300 1388698866 3566
1388701952 1388719543 17591
1388719656 1388766381 46725
1388770837 1388775229 4392
1388778601 1388779534 933
1388779961 1388783615 3654
1388796610 1388824533 27923
1388943818 1388947147 3329
1388950959 1388952518 1559
1388966324 1389074040 107716
1389079487 1389081003 1516
1389099538 1389100116 578
1389255121 1389255358 237
1389257331 1389262567 5236
1389269038 1389293205 24167
1389293245 1389313712 20467
1389313908 1389327248 13340
1389340089 1389355386 15297
1389362407 1389367124 4717
1389378289 1389394420 16131
1389401064 1389453726 52662
1389454819 1389455118 299